ID1||id_validacion||id_pregunta||valor||aplica||usuario||fecha||ID
||1||1||100.0||1||21008||2025-07-31
||1||2||50.0||1||21008||2025-07-31
||1||3||100.0||1||21008||2025-07-31
||1||5||100.0||1||21008||2025-07-31
||1||6||100.0||1||21008||2025-07-31
||1||4||100.0||1||21008||2025-07-31
||1||8||100.0||1||21008||2025-07-31
||1||7||100.0||1||21008||2025-07-31
||1||11||100.0||1||21008||2025-07-31
||1||12||100.0||1||21008||2025-07-31
||1||9||100.0||1||21008||2025-07-31
||1||10||100.0||1||21008||2025-07-31
||1||13||100.0||1||21008||2025-07-31
||1||14||100.0||1||21008||2025-07-31
||1||17||100.0||1||21008||2025-07-31
||1||15||100.0||1||21008||2025-07-31
||1||20||100.0||1||21008||2025-07-31
||1||16||100.0||1||21008||2025-07-31
||1||19||100.0||1||21008||2025-07-31
||1||18||100.0||1||21008||2025-07-31
||1||23||100.0||1||21008||2025-07-31
||1||22||100.0||1||21008||2025-07-31
||1||25||50.0||1||21008||2025-07-31
||1||24||100.0||1||21008||2025-07-31
||1||26||0.0||0||21008||2025-07-31
||1||21||100.0||1||21008||2025-07-31
||1||27||100.0||1||21008||2025-07-31
||1||29||0.0||0||21008||2025-07-31
||1||28||100.0||1||21008||2025-07-31
||1||30||0.0||0||21008||2025-07-31
||1||31||0.0||0||21008||2025-07-31
||1||32||100.0||1||21008||2025-07-31
||1||33||100.0||1||21008||2025-07-31
||1||34||100.0||1||21008||2025-07-31
||1||35||100.0||1||21008||2025-07-31
||1||36||100.0||1||21008||2025-07-31
||1||37||0.0||0||21008||2025-07-31
||1||38||0.0||0||21008||2025-07-31
||1||40||0.0||1||21008||2025-07-31
||1||41||100.0||1||21008||2025-07-31
||1||39||100.0||1||21008||2025-07-31
||1||43||50.0||1||21008||2025-07-31
||1||42||0.0||0||21008||2025-07-31
||1||45||100.0||1||21008||2025-07-31
||1||44||100.0||1||21008||2025-07-31
||1||47||100.0||1||21008||2025-07-31
||1||48||100.0||1||21008||2025-07-31
||1||46||0.0||0||21008||2025-07-31
||1||49||100.0||1||21008||2025-07-31
||1||50||100.0||1||21008||2025-07-31
||1||51||100.0||1||21008||2025-07-31
||1||52||100.0||1||21008||2025-07-31
||1||53||0.0||0||21008||2025-07-31
||1||54||100.0||1||21008||2025-07-31
||1||55||100.0||1||21008||2025-07-31
||1||56||100.0||1||21008||2025-07-31
||1||57||100.0||1||21008||2025-07-31
||1||58||0.0||0||21008||2025-07-31
||1||59||100.0||1||21008||2025-07-31
||1||60||0.0||0||21008||2025-07-31
||1||62||100.0||1||21008||2025-07-31
||1||61||100.0||1||21008||2025-07-31
||1||64||100.0||1||21008||2025-07-31
||1||63||100.0||1||21008||2025-07-31
||1||66||0.0||0||21008||2025-07-31
||1||65||100.0||1||21008||2025-07-31
||1||67||100.0||1||21008||2025-07-31
||1||69||0.0||1||21008||2025-07-31
||1||68||50.0||1||21008||2025-07-31
||1||70||100.0||1||21008||2025-07-31
||1||71||100.0||1||21008||2025-07-31
||1||72||0.0||0||21008||2025-07-31
||1||74||100.0||1||21008||2025-07-31
||1||73||0.0||0||21008||2025-07-31
||1||75||100.0||1||21008||2025-07-31
||1||76||0.0||0||21008||2025-07-31
||1||77||50.0||1||21008||2025-07-31
||1||78||100.0||1||21008||2025-07-31
||1||79||0.0||0||21008||2025-07-31
||1||80||50.0||1||21008||2025-07-31
||1||81||0.0||1||21008||2025-07-31
||1||83||100.0||1||21008||2025-07-31
||1||82||0.0||1||21008||2025-07-31
||1||84||0.0||0||21008||2025-07-31
||1||85||0.0||0||21008||2025-07-31
||1||87||0.0||0||21008||2025-07-31
||1||88||0.0||1||21008||2025-07-31
||1||86||0.0||1||21008||2025-07-31
||1||90||100.0||1||21008||2025-07-31
||1||89||100.0||1||21008||2025-07-31
||1||91||0.0||0||21008||2025-07-31
||1||93||100.0||1||21008||2025-07-31
||1||92||100.0||1||21008||2025-07-31
||1||95||0.0||0||21008||2025-07-31
||1||96||100.0||1||21008||2025-07-31
||1||94||100.0||1||21008||2025-07-31
||1||97||100.0||1||21008||2025-07-31
||1||98||100.0||1||21008||2025-07-31
||1||99||50.0||1||21008||2025-07-31
||1||100||100.0||1||21008||2025-07-31
||1||102||50.0||1||21008||2025-07-31
||1||104||50.0||1||21008||2025-07-31
||1||101||0.0||1||21008||2025-07-31
||1||103||100.0||1||21008||2025-07-31
||1||105||100.0||1||21008||2025-07-31
||1||107||100.0||1||21008||2025-07-31
||1||106||50.0||1||21008||2025-07-31
||1||108||50.0||1||21008||2025-07-31
||1||110||0.0||0||21008||2025-07-31
||1||109||0.0||0||21008||2025-07-31
||1||111||0.0||0||21008||2025-07-31
||1||112||0.0||0||21008||2025-07-31
||1||113||0.0||0||21008||2025-07-31
||1||114||0.0||0||21008||2025-07-31
||1||115||0.0||0||21008||2025-07-31
||1||117||0.0||0||21008||2025-07-31
||1||116||0.0||0||21008||2025-07-31
||1||118||0.0||0||21008||2025-07-31
||1||121||0.0||0||21008||2025-07-31
||1||119||0.0||0||21008||2025-07-31
||1||123||0.0||0||21008||2025-07-31
||1||122||0.0||0||21008||2025-07-31
||1||120||0.0||0||21008||2025-07-31
||1||124||0.0||0||21008||2025-07-31
||1||125||0.0||0||21008||2025-07-31
||1||126||0.0||0||21008||2025-07-31
||1||127||0.0||0||21008||2025-07-31
||1||128||0.0||0||21008||2025-07-31
||1||130||0.0||0||21008||2025-07-31
||1||132||0.0||0||21008||2025-07-31
||1||129||0.0||0||21008||2025-07-31
||1||133||0.0||0||21008||2025-07-31
||1||131||0.0||0||21008||2025-07-31
||1||134||0.0||0||21008||2025-07-31
||1||136||0.0||0||21008||2025-07-31
||1||135||0.0||0||21008||2025-07-31
||1||138||0.0||0||21008||2025-07-31
||1||137||0.0||0||21008||2025-07-31
||1||142||0.0||0||21008||2025-07-31
||1||140||0.0||0||21008||2025-07-31
||1||139||0.0||0||21008||2025-07-31
||1||143||0.0||0||21008||2025-07-31
||1||141||0.0||0||21008||2025-07-31
||1||145||0.0||0||21008||2025-07-31
||1||144||0.0||0||21008||2025-07-31
||1||146||0.0||0||21008||2025-07-31
||1||147||0.0||0||21008||2025-07-31
||1||148||0.0||0||21008||2025-07-31
||3||1||100.0||1||21008||2025-07-31
||3||2||50.0||1||21008||2025-07-31
||3||7||100.0||1||21008||2025-07-31
||3||8||100.0||1||21008||2025-07-31
||3||3||100.0||1||21008||2025-07-31
||3||4||100.0||1||21008||2025-07-31
||3||6||100.0||1||21008||2025-07-31
||3||5||100.0||1||21008||2025-07-31
||3||9||100.0||1||21008||2025-07-31
||3||10||100.0||1||21008||2025-07-31
||3||12||100.0||1||21008||2025-07-31
||3||11||100.0||1||21008||2025-07-31
||3||13||100.0||1||21008||2025-07-31
||3||14||0.0||1||21008||2025-07-31
||3||16||100.0||1||21008||2025-07-31
||3||15||100.0||1||21008||2025-07-31
||3||17||25.0||1||21008||2025-07-31
||3||18||25.0||1||21008||2025-07-31
||3||19||100.0||1||21008||2025-07-31
||3||20||100.0||1||21008||2025-07-31
||3||21||100.0||1||21008||2025-07-31
||3||22||100.0||1||21008||2025-07-31
||3||23||0.0||0||21008||2025-07-31
||3||24||0.0||0||21008||2025-07-31
||3||25||100.0||1||21008||2025-07-31
||3||27||0.0||1||21008||2025-07-31
||3||26||100.0||1||21008||2025-07-31
||3||30||100.0||1||21008||2025-07-31
||3||28||100.0||1||21008||2025-07-31
||3||29||100.0||1||21008||2025-07-31
||3||31||0.0||0||21008||2025-07-31
||3||32||100.0||1||21008||2025-07-31
||3||33||100.0||1||21008||2025-07-31
||3||36||100.0||1||21008||2025-07-31
||3||34||100.0||1||21008||2025-07-31
||3||37||0.0||0||21008||2025-07-31
||3||35||100.0||1||21008||2025-07-31
||3||39||0.0||0||21008||2025-07-31
||3||38||0.0||0||21008||2025-07-31
||3||41||100.0||1||21008||2025-07-31
||3||40||0.0||0||21008||2025-07-31
||3||42||0.0||0||21008||2025-07-31
||3||43||0.0||0||21008||2025-07-31
||3||45||0.0||1||21008||2025-07-31
||3||44||50.0||1||21008||2025-07-31
||3||47||70.0||1||21008||2025-07-31
||3||46||0.0||0||21008||2025-07-31
||3||48||100.0||1||21008||2025-07-31
||3||49||100.0||1||21008||2025-07-31
||3||51||100.0||1||21008||2025-07-31
||3||52||100.0||1||21008||2025-07-31
||3||50||100.0||1||21008||2025-07-31
||3||53||0.0||0||21008||2025-07-31
||3||54||0.0||0||21008||2025-07-31
||3||55||0.0||0||21008||2025-07-31
||3||56||100.0||1||21008||2025-07-31
||3||57||50.0||1||21008||2025-07-31
||3||58||0.0||0||21008||2025-07-31
||3||59||0.0||0||21008||2025-07-31
||3||60||0.0||0||21008||2025-07-31
||3||61||100.0||1||21008||2025-07-31
||3||62||100.0||1||21008||2025-07-31
||3||63||100.0||1||21008||2025-07-31
||3||64||100.0||1||21008||2025-07-31
||3||66||0.0||0||21008||2025-07-31
||3||65||100.0||1||21008||2025-07-31
||3||67||100.0||1||21008||2025-07-31
||3||69||100.0||1||21008||2025-07-31
||3||68||100.0||1||21008||2025-07-31
||3||71||100.0||1||21008||2025-07-31
||3||70||100.0||1||21008||2025-07-31
||3||72||0.0||0||21008||2025-07-31
||3||73||0.0||0||21008||2025-07-31
||3||75||100.0||1||21008||2025-07-31
||3||74||100.0||1||21008||2025-07-31
||3||76||0.0||0||21008||2025-07-31
||3||78||100.0||1||21008||2025-07-31
||3||79||100.0||1||21008||2025-07-31
||3||80||0.0||1||21008||2025-07-31
||3||77||100.0||1||21008||2025-07-31
||3||81||100.0||1||21008||2025-07-31
||3||82||0.0||1||21008||2025-07-31
||3||83||100.0||1||21008||2025-07-31
||3||84||0.0||1||21008||2025-07-31
||3||85||0.0||1||21008||2025-07-31
||3||86||0.0||1||21008||2025-07-31
||3||88||0.0||1||21008||2025-07-31
||3||87||0.0||1||21008||2025-07-31
||3||89||0.0||1||21008||2025-07-31
||3||90||0.0||1||21008||2025-07-31
||3||91||0.0||1||21008||2025-07-31
||3||92||100.0||1||21008||2025-07-31
||3||93||100.0||1||21008||2025-07-31
||3||94||100.0||1||21008||2025-07-31
||3||95||0.0||0||21008||2025-07-31
||3||96||0.0||1||21008||2025-07-31
||3||97||0.0||1||21008||2025-07-31
||3||98||0.0||1||21008||2025-07-31
||3||99||100.0||1||21008||2025-07-31
||3||100||100.0||1||21008||2025-07-31
||3||101||0.0||0||21008||2025-07-31
||3||104||100.0||1||21008||2025-07-31
||3||102||100.0||1||21008||2025-07-31
||3||103||100.0||1||21008||2025-07-31
||3||105||100.0||1||21008||2025-07-31
||3||106||100.0||1||21008||2025-07-31
||3||109||0.0||0||21008||2025-07-31
||3||107||100.0||1||21008||2025-07-31
||3||108||100.0||1||21008||2025-07-31
||3||110||0.0||0||21008||2025-07-31
||3||111||0.0||0||21008||2025-07-31
||3||112||0.0||0||21008||2025-07-31
||3||113||0.0||0||21008||2025-07-31
||3||115||0.0||0||21008||2025-07-31
||3||114||0.0||0||21008||2025-07-31
||3||116||0.0||0||21008||2025-07-31
||3||117||0.0||0||21008||2025-07-31
||3||118||0.0||0||21008||2025-07-31
||3||120||0.0||0||21008||2025-07-31
||3||121||0.0||0||21008||2025-07-31
||3||123||0.0||0||21008||2025-07-31
||3||119||0.0||0||21008||2025-07-31
||3||122||0.0||0||21008||2025-07-31
||3||126||0.0||0||21008||2025-07-31
||3||127||0.0||0||21008||2025-07-31
||3||124||0.0||0||21008||2025-07-31
||3||128||0.0||0||21008||2025-07-31
||3||125||0.0||0||21008||2025-07-31
||3||129||0.0||0||21008||2025-07-31
||3||130||0.0||0||21008||2025-07-31
||3||131||0.0||0||21008||2025-07-31
||3||132||0.0||0||21008||2025-07-31
||3||133||0.0||0||21008||2025-07-31
||3||135||0.0||0||21008||2025-07-31
||3||136||0.0||0||21008||2025-07-31
||3||134||0.0||0||21008||2025-07-31
||3||137||0.0||0||21008||2025-07-31
||3||138||0.0||0||21008||2025-07-31
||3||139||0.0||0||21008||2025-07-31
||3||141||0.0||0||21008||2025-07-31
||3||142||100.0||1||21008||2025-07-31
||3||144||0.0||0||21008||2025-07-31
||3||140||100.0||1||21008||2025-07-31
||3||143||0.0||0||21008||2025-07-31
||3||145||0.0||0||21008||2025-07-31
||3||147||0.0||0||21008||2025-07-31
||3||146||0.0||0||21008||2025-07-31
||3||148||0.0||0||21008||2025-07-31
||11||2||100.0||1||22033||2025-09-05
||11||1||100.0||1||22033||2025-08-28
||11||3||100.0||1||22033||2025-09-05
||11||5||100.0||1||22033||2025-08-28
||11||6||100.0||1||22033||2025-08-28
||11||4||100.0||1||22033||2025-09-05
||11||7||100.0||1||22033||2025-09-05
||11||8||0.0||0||22033||2025-09-05
||11||10||100.0||1||22033||2025-09-05
||11||11||100.0||1||22033||2025-09-05
||11||9||0.0||0||22033||2025-08-28
||11||12||100.0||1||22033||2025-08-28
||11||13||0.0||0||22033||2025-09-05
||11||15||100.0||1||22033||2025-08-28
||11||16||100.0||1||22033||2025-09-05
||11||14||0.0||0||22033||2025-09-05
||11||17||100.0||1||22033||2025-09-05
||11||18||50.0||1||22033||2025-09-05
||11||19||100.0||1||22033||2025-08-28
||11||21||0.0||1||22033||2025-08-28
||11||20||100.0||1||22033||2025-08-28
||11||22||100.0||1||22033||2025-09-05
||11||23||0.0||0||22033||2025-08-28
||11||24||50.0||1||22033||2025-09-05
||11||25||100.0||1||22033||2025-08-28
||11||26||0.0||0||22033||2025-08-28
||11||28||0.0||1||22033||2025-09-01
||11||27||100.0||1||22033||2025-08-28
||11||29||0.0||0||22033||2025-08-28
||11||30||0.0||0||22033||2025-08-28
||11||31||0.0||0||22033||2025-08-28
||11||34||0.0||1||22033||2025-08-28
||11||33||0.0||0||22033||2025-08-28
||11||32||100.0||1||22033||2025-08-28
||11||35||0.0||1||22033||2025-08-28
||11||36||0.0||0||22033||2025-08-28
||11||37||0.0||0||22033||2025-08-28
||11||38||0.0||0||22033||2025-08-28
||11||39||0.0||0||22033||2025-08-28
||11||40||0.0||0||22033||2025-08-28
||11||42||0.0||0||22033||2025-08-28
||11||41||100.0||1||22033||2025-08-28
||11||44||0.0||0||22033||2025-08-28
||11||45||0.0||0||22033||2025-08-28
||11||43||100.0||1||22033||2025-09-05
||11||46||0.0||0||22033||2025-08-28
||11||47||0.0||0||22033||2025-08-28
||11||49||100.0||1||22033||2025-09-23
||11||48||100.0||1||22033||2025-09-23
||11||51||0.0||0||22033||2025-09-23
||11||50||0.0||0||22033||2025-09-23
||11||52||0.0||0||22033||2025-09-23
||11||55||0.0||0||22033||2025-09-23
||11||53||0.0||0||22033||2025-09-23
||11||54||0.0||0||22033||2025-09-23
||11||56||100.0||1||22033||2025-09-23
||11||58||0.0||0||22033||2025-09-23
||11||57||100.0||1||22033||2025-09-23
||11||61||100.0||1||22033||2025-09-23
||11||59||0.0||0||22033||2025-09-23
||11||60||0.0||0||22033||2025-09-23
||11||62||100.0||1||22033||2025-09-23
||11||63||100.0||1||22033||2025-09-23
||11||64||100.0||1||22033||2025-09-23
||11||65||100.0||1||22033||2025-09-23
||11||66||0.0||0||22033||2025-09-23
||11||67||100.0||1||22033||2025-09-23
||11||68||0.0||0||22033||2025-09-23
||11||69||0.0||0||22033||2025-09-23
||11||70||0.0||0||22033||2025-09-23
||11||71||0.0||0||22033||2025-09-23
||11||72||0.0||0||22033||2025-09-23
||11||74||100.0||1||22033||2025-09-23
||11||76||0.0||1||22033||2025-08-28
||11||73||0.0||0||22033||2025-09-23
||11||75||100.0||1||22033||2025-09-23
||11||80||100.0||1||22033||2025-09-23
||11||79||0.0||0||22033||2025-09-23
||11||77||0.0||0||22033||2025-09-23
||11||78||0.0||0||22033||2025-09-23
||11||81||100.0||1||22033||2025-09-23
||11||82||100.0||1||22033||2025-09-23
||11||83||100.0||1||22033||2025-09-23
||11||84||0.0||0||22033||2025-09-23
||11||85||100.0||1||22033||2025-09-23
||11||88||0.0||0||22033||2025-09-23
||11||89||100.0||1||22033||2025-09-23
||11||90||0.0||0||22033||2025-09-23
||11||87||0.0||0||22033||2025-09-23
||11||86||100.0||1||22033||2025-09-23
||11||92||0.0||0||22033||2025-09-23
||11||93||100.0||1||22033||2025-09-23
||11||94||100.0||1||22033||2025-09-23
||11||91||0.0||0||22033||2025-09-23
||11||95||0.0||0||22033||2025-09-23
||11||98||100.0||1||22033||2025-09-23
||11||96||100.0||1||22033||2025-09-23
||11||97||0.0||0||22033||2025-09-23
||11||99||0.0||0||22033||2025-09-23
||11||100||0.0||0||22033||2025-09-23
||11||101||0.0||0||22033||2025-09-23
||11||102||100.0||1||22033||2025-09-23
||11||103||0.0||0||22033||2025-09-23
||11||105||0.0||0||22033||2025-09-23
||11||107||100.0||1||22033||2025-09-23
||11||104||100.0||1||22033||2025-09-23
||11||106||0.0||0||22033||2025-09-23
||11||109||0.0||0||22033||2025-09-23
||11||108||100.0||1||22033||2025-09-23
||11||110||0.0||0||22033||2025-09-23
||11||111||0.0||0||22033||2025-09-23
||11||112||0.0||0||22033||2025-09-23
||11||113||0.0||0||22033||2025-09-23
||11||114||0.0||0||22033||2025-09-23
||11||116||0.0||0||22033||2025-09-23
||11||115||0.0||0||22033||2025-09-23
||11||117||0.0||0||22033||2025-09-23
||2||1||100.0||1||22827||
||2||2||100.0||1||22033||2025-08-27
||2||4||100.0||1||21008||
||2||3||100.0||1||21008||
||2||6||100.0||1||21008||
||2||5||100.0||1||21008||
||2||7||100.0||1||21008||
||2||8||100.0||1||21008||
||2||10||100.0||1||21008||
||2||9||0.0||0||21008||
||2||11||100.0||1||21008||
||2||12||100.0||1||21008||
||2||15||100.0||1||21008||
||2||13||100.0||1||21008||
||2||14||0.0||0||21008||
||2||16||100.0||1||21008||
||2||17||100.0||1||22033||2025-08-27
||2||18||100.0||1||21008||
||2||19||100.0||1||21008||
||2||20||100.0||1||21008||
||2||21||100.0||1||21008||
||2||22||100.0||1||21008||
||2||23||0.0||0||21008||
||2||24||0.0||0||21008||
||2||25||100.0||1||21008||
||2||26||0.0||0||21008||
||2||27||100.0||1||22033||2025-08-27
||2||28||100.0||1||21008||
||2||29||0.0||0||21008||
||2||30||0.0||0||21008||
||2||33||0.0||0||21008||
||2||31||0.0||0||21008||
||2||32||100.0||1||21008||
||2||35||0.0||0||22033||
||2||37||0.0||0||21008||
||2||34||0.0||0||22033||
||2||36||100.0||1||22033||
||2||38||0.0||0||21008||
||2||39||0.0||0||22033||2025-08-27
||2||40||0.0||0||22033||2025-08-27
||2||41||100.0||1||21008||
||2||42||100.0||1||21008||
||2||44||100.0||1||21008||
||2||46||0.0||0||21008||
||2||45||0.0||1||21008||
||2||43||0.0||0||21008||
||2||47||100.0||1||22033||2025-08-27
||2||48||100.0||1||21008||
||2||49||100.0||1||21008||
||2||50||0.0||0||21008||
||2||51||0.0||0||21008||
||2||52||100.0||1||22033||2025-08-27
||2||54||0.0||0||21008||
||2||53||0.0||0||21008||
||2||56||100.0||1||21008||
||2||57||100.0||1||21008||
||2||55||0.0||0||21008||
||2||59||0.0||0||21008||
||2||58||0.0||0||21008||
||2||60||0.0||0||21008||
||2||61||100.0||1||21008||
||2||62||100.0||1||21008||
||2||63||100.0||1||21008||
||2||65||100.0||1||21008||
||2||64||100.0||1||21008||
||2||66||0.0||0||21008||
||2||67||100.0||1||21008||
||2||71||0.0||0||21008||
||2||69||0.0||0||21008||
||2||68||0.0||0||21008||
||2||70||0.0||0||21008||
||2||74||100.0||1||21008||
||2||72||0.0||0||21008||
||2||75||100.0||1||21008||
||2||73||100.0||1||22033||2025-08-27
||2||76||0.0||0||21008||
||2||77||100.0||1||22033||2025-08-27
||2||78||100.0||1||22033||2025-08-27
||2||79||0.0||0||21008||
||2||80||0.0||0||21008||
||2||81||0.0||0||21008||
||2||82||0.0||0||21008||
||2||83||0.0||0||21008||
||2||84||0.0||0||21008||
||2||86||0.0||0||21008||
||2||85||0.0||0||21008||
||2||87||0.0||0||21008||
||2||89||0.0||0||21008||
||2||88||0.0||0||21008||
||2||92||0.0||0||22033||2025-08-27
||2||90||0.0||0||22033||2025-08-27
||2||91||0.0||0||21008||
||2||94||100.0||1||21008||
||2||93||100.0||1||21008||
||2||95||0.0||0||21008||
||2||96||100.0||1||21008||
||2||98||0.0||0||21008||
||2||97||0.0||0||21008||
||2||99||100.0||1||22033||2025-08-27
||2||100||0.0||0||21008||
||2||101||100.0||1||22033||2025-08-27
||2||102||100.0||1||22033||2025-08-27
||2||103||0.0||0||21008||
||2||104||100.0||1||22033||2025-08-27
||2||105||0.0||0||21008||
||2||106||100.0||1||22033||2025-08-27
||2||107||100.0||1||22033||2025-08-27
||2||110||0.0||0||21008||
||2||108||50.0||1||22033||2025-08-27
||2||113||0.0||0||21008||
||2||112||0.0||0||21008||
||2||109||0.0||0||21008||
||2||111||0.0||0||21008||
||2||114||0.0||0||21008||
||2||115||0.0||0||21008||
||2||118||0.0||0||21008||
||2||117||0.0||0||21008||
||2||116||0.0||0||21008||
||2||119||0.0||0||21008||
||2||120||0.0||0||21008||
||2||121||0.0||0||21008||
||2||122||0.0||0||21008||
||2||123||0.0||0||21008||
||2||124||0.0||0||21008||
||2||125||0.0||0||21008||
||2||126||0.0||0||21008||
||2||127||0.0||0||21008||
||2||128||0.0||0||21008||
||2||129||0.0||0||21008||
||2||130||0.0||0||21008||
||2||134||0.0||0||21008||
||2||132||0.0||0||21008||
||2||131||0.0||0||21008||
||2||133||0.0||0||21008||
||2||136||0.0||0||21008||
||2||135||0.0||0||21008||
||2||137||0.0||0||21008||
||2||138||0.0||0||21008||
||2||140||0.0||0||21008||
||2||139||0.0||0||21008||
||2||142||0.0||0||21008||
||2||141||0.0||0||21008||
||2||143||0.0||0||21008||
||2||144||0.0||0||21008||
||2||146||0.0||0||21008||
||2||145||0.0||0||21008||
||2||147||0.0||0||21008||
||2||148||0.0||0||21008||
||11||118||0.0||0||22033||2025-09-23
||11||119||0.0||0||22033||2025-09-23
||11||120||0.0||0||22033||2025-09-23
||11||121||0.0||0||22033||2025-09-23
||11||122||0.0||0||22033||2025-09-23
||11||124||0.0||0||22033||2025-09-23
||11||123||0.0||0||22033||2025-09-23
||11||125||0.0||0||22033||2025-09-23
||11||127||0.0||0||22033||2025-09-23
||11||126||0.0||0||22033||2025-09-23
||11||128||0.0||0||22033||2025-09-23
||11||129||0.0||0||22033||2025-09-23
||11||130||0.0||0||22033||2025-09-23
||11||131||0.0||0||22033||2025-09-23
||11||132||0.0||0||22033||2025-09-23
||11||133||0.0||0||22033||2025-09-23
||11||134||0.0||0||22033||2025-09-23
||11||135||0.0||0||22033||2025-09-23
||11||137||0.0||0||22033||2025-09-23
||11||136||0.0||0||22033||2025-09-23
||11||138||0.0||0||22033||2025-09-23
||11||140||0.0||0||22033||2025-09-23
||11||139||0.0||0||22033||2025-09-23
||11||141||0.0||0||22033||2025-09-23
||11||142||0.0||0||22033||2025-09-23
||11||143||0.0||0||22033||2025-09-23
||11||144||0.0||0||22033||2025-09-23
||11||146||0.0||0||22033||2025-09-23
||11||147||0.0||0||22033||2025-09-23
||11||145||0.0||0||22033||2025-09-23
||11||148||0.0||0||22033||2025-09-23
||12||1||39.0||1||22827||2025-09-19
||12||2||0.0||1||22827||2025-09-19
||12||5||0.0||1||22827||2025-09-19
||12||4||0.0||1||22827||2025-09-19
||12||3||0.0||1||22827||2025-09-19
||12||6||0.0||1||22827||2025-09-19
||12||9||0.0||1||22827||2025-09-19
||12||8||0.0||1||22827||2025-09-19
||12||10||0.0||1||22827||2025-09-19
||12||12||0.0||1||22827||2025-09-19
||12||11||0.0||1||22827||2025-09-19
||12||7||0.0||1||22827||2025-09-19
||12||13||0.0||1||22827||2025-09-19
||12||14||0.0||1||22827||2025-09-19
||12||15||0.0||1||22827||2025-09-19
||12||16||0.0||1||22827||2025-09-19
||12||17||0.0||1||22827||2025-09-19
||12||18||0.0||1||22827||2025-09-19
||12||20||0.0||1||22827||2025-09-19
||12||19||0.0||1||22827||2025-09-19
||12||21||0.0||1||22827||2025-09-19
||12||24||0.0||1||22827||2025-09-19
||12||25||0.0||1||22827||2025-09-19
||12||22||0.0||1||22827||2025-09-19
||12||23||0.0||1||22827||2025-09-19
||12||26||0.0||1||22827||2025-09-19
||12||27||0.0||1||22827||2025-09-19
||12||28||0.0||1||22827||2025-09-19
||12||29||0.0||1||22827||2025-09-19
||12||30||0.0||1||22827||2025-09-19
||12||32||0.0||1||22827||2025-09-19
||12||31||0.0||1||22827||2025-09-19
||12||33||0.0||1||22827||2025-09-19
||12||34||0.0||1||22827||2025-09-19
||12||35||0.0||1||22827||2025-09-19
||12||36||0.0||1||22827||2025-09-19
||12||37||0.0||1||22827||2025-09-19
||12||38||0.0||1||22827||2025-09-19
||12||39||0.0||1||22827||2025-09-19
||12||40||0.0||1||22827||2025-09-19
||12||41||0.0||1||22827||2025-09-19
||12||43||0.0||1||22827||2025-09-19
||12||42||0.0||1||22827||2025-09-19
||12||44||0.0||1||22827||2025-09-19
||12||45||0.0||1||22827||2025-09-19
||12||48||0.0||1||22827||2025-09-19
||12||47||0.0||1||22827||2025-09-19
||12||46||0.0||1||22827||2025-09-19
||12||49||0.0||1||22827||2025-09-19
||12||50||0.0||1||22827||2025-09-19
||12||51||0.0||1||22827||2025-09-19
||12||53||0.0||1||22827||2025-09-19
||12||52||0.0||1||22827||2025-09-19
||12||54||0.0||1||22827||2025-09-19
||12||55||0.0||1||22827||2025-09-19
||12||57||0.0||1||22827||2025-09-19
||12||56||0.0||1||22827||2025-09-19
||12||58||0.0||1||22827||2025-09-19
||12||60||0.0||1||22827||2025-09-19
||12||59||0.0||1||22827||2025-09-19
||12||61||0.0||1||22827||2025-09-19
||12||63||0.0||1||22827||2025-09-19
||12||62||0.0||1||22827||2025-09-19
||12||64||0.0||1||22827||2025-09-19
||12||65||0.0||1||22827||2025-09-19
||12||66||0.0||1||22827||2025-09-19
||12||67||0.0||1||22827||2025-09-19
||12||68||0.0||1||22827||2025-09-19
||12||69||0.0||1||22827||2025-09-19
||12||70||0.0||1||22827||2025-09-19
||12||72||0.0||1||22827||2025-09-19
||12||71||0.0||1||22827||2025-09-19
||12||73||0.0||1||22827||2025-09-19
||12||75||0.0||1||22827||2025-09-19
||12||74||0.0||1||22827||2025-09-19
||12||76||0.0||1||22827||2025-09-19
||12||77||0.0||1||22827||2025-09-19
||12||78||0.0||1||22827||2025-09-19
||12||79||0.0||1||22827||2025-09-19
||12||80||0.0||1||22827||2025-09-19
||12||81||0.0||1||22827||2025-09-19
||12||87||0.0||1||22827||2025-09-19
||12||83||0.0||1||22827||2025-09-19
||12||86||0.0||1||22827||2025-09-19
||12||84||0.0||1||22827||2025-09-19
||12||82||0.0||1||22827||2025-09-19
||12||85||0.0||1||22827||2025-09-19
||12||89||0.0||1||22827||2025-09-19
||12||88||0.0||1||22827||2025-09-19
||12||92||0.0||1||22827||2025-09-19
||12||90||0.0||1||22827||2025-09-19
||12||91||0.0||1||22827||2025-09-19
||12||93||0.0||1||22827||2025-09-19
||12||94||0.0||1||22827||2025-09-19
||12||95||0.0||1||22827||2025-09-19
||12||98||0.0||1||22827||2025-09-19
||12||97||0.0||1||22827||2025-09-19
||12||96||0.0||1||22827||2025-09-19
||12||99||0.0||1||22827||2025-09-19
||12||101||0.0||1||22827||2025-09-19
||12||100||0.0||1||22827||2025-09-19
||12||103||0.0||1||22827||2025-09-19
||12||102||0.0||1||22827||2025-09-19
||12||104||0.0||1||22827||2025-09-19
||12||105||0.0||1||22827||2025-09-19
||12||106||0.0||1||22827||2025-09-19
||12||107||0.0||1||22827||2025-09-19
||12||111||0.0||1||22827||2025-09-19
||12||109||0.0||1||22827||2025-09-19
||12||108||0.0||1||22827||2025-09-19
||12||112||0.0||1||22827||2025-09-19
||12||110||0.0||1||22827||2025-09-19
||12||113||0.0||1||22827||2025-09-19
||12||114||0.0||1||22827||2025-09-19
||12||115||0.0||1||22827||2025-09-19
||12||116||0.0||1||22827||2025-09-19
||12||117||0.0||1||22827||2025-09-19
||12||118||0.0||1||22827||2025-09-19
||12||119||0.0||1||22827||2025-09-19
||12||120||0.0||1||22827||2025-09-19
||12||121||0.0||1||22827||2025-09-19
||12||123||0.0||1||22827||2025-09-19
||12||122||0.0||1||22827||2025-09-19
||12||126||0.0||1||22827||2025-09-19
||12||124||0.0||1||22827||2025-09-19
||12||125||0.0||1||22827||2025-09-19
||12||130||0.0||1||22827||2025-09-19
||12||128||0.0||1||22827||2025-09-19
||12||129||0.0||1||22827||2025-09-19
||12||127||0.0||1||22827||2025-09-19
||12||131||0.0||1||22827||2025-09-19
||12||133||0.0||1||22827||2025-09-19
||12||132||0.0||1||22827||2025-09-19
||12||136||0.0||1||22827||2025-09-19
||12||134||0.0||1||22827||2025-09-19
||12||135||0.0||1||22827||2025-09-19
||12||137||0.0||1||22827||2025-09-19
||12||138||0.0||1||22827||2025-09-19
||12||139||0.0||1||22827||2025-09-19
||12||140||0.0||1||22827||2025-09-19
||12||143||0.0||1||22827||2025-09-19
||12||141||0.0||1||22827||2025-09-19
||12||144||0.0||1||22827||2025-09-19
||12||142||0.0||1||22827||2025-09-19
||12||145||0.0||1||22827||2025-09-19
||12||146||0.0||1||22827||2025-09-19
||12||147||0.0||1||22827||2025-09-19
||12||148||0.0||1||22827||2025-09-19
